label_id	Cardiovascular system	Midgut	Sensory Motile Cilia	Nervous System	Stem cells	Somatic musculature	Epidermis	Gland cells	Heme/chitin	Anterior nervous system	Enteric nervous system	zero	autofluorescence	most probable cluster
1	1.6443940146379002e-14	2.9785545842179217e-12	0.000560687419269839	1.4650831616447599e-08	8.964252821916112e-06	8.641698149123877e-16	0.9993787880812849	1.391928138777181e-13	5.1545592656642304e-05	1.995048569282434e-26	2.688590047264926e-26	7.007723103644272e-108	0.0	Epidermis
2	2.5323971381919565e-11	5.032640122627945e-11	3.748784739084878e-05	4.847827418847483e-06	0.005161087654602968	6.168546531720174e-14	0.922206273372217	8.41682457892499e-11	0.07259030313756074	2.6270573647390025e-17	9.29406251070589e-13	4.633170594205539e-104	0.0	Epidermis
3	1.841355492100844e-14	9.432668399487509e-12	0.0028852150141455155	0.00024768932001865165	0.0032916609662597147	5.980169358746411e-14	0.9805868676475448	1.3072165385079413e-13	0.012988567030448754	3.106353190420544e-17	1.1940914676697472e-11	3.2736709292765466e-141	2.456217804415214e-277	Epidermis
4	1.0944063342847927e-08	4.578817937390736e-06	0.0077361910428058	0.00043310605015381003	0.030443632484059638	2.960640923740367e-10	0.9210562213398571	3.7971220546264797e-05	0.0402882877906774	1.3173610659096673e-12	1.2517820839921221e-11	4.080261843415434e-56	0.0	Epidermis
5	3.5400300707030776e-33	3.9231960602146123e-31	0.9998227347236872	0.00017725645579883567	2.384859294403191e-09	3.175253817396403e-28	4.595946212547759e-12	3.3090237024816396e-29	6.431058809755855e-09	6.172909713896552e-32	2.546490673944257e-27	0.0	6.938778826953848e-183	Sensory Motile Cilia
6	3.2441219521210955e-17	1.0517311473088841e-18	0.999970501733503	2.949047140046598e-05	6.708570452594532e-09	5.706337969491297e-20	4.4223355954242987e-13	1.96148146705414e-11	1.0664679124716392e-09	3.3709768344938004e-20	1.1671154535549655e-15	1.6291750376460208e-139	0.0	Sensory Motile Cilia
7	2.4156336808752132e-11	5.14243926380674e-09	0.12661939344874337	0.86739096826782	0.004947253367953793	2.7285950640002444e-11	0.00022340361501762342	6.648061824462718e-13	0.0008186479276420946	3.279806142881851e-07	1.9766234888575927e-10	7.272334359385787e-97	0.0	Nervous System
8	2.0959073655543645e-22	1.4380548451002607e-20	0.002563794629893037	0.9965428296989337	3.325961144286896e-05	1.0084571533581592e-21	3.2088527675416537e-08	2.6609831358802726e-31	0.0008600839712024945	6.911549364287398e-22	3.7893791258062837e-16	2.5905583294264886e-179	1.7990262344595854e-252	Nervous System
9	5.869872875947004e-29	5.610982458049639e-27	0.999999231019394	7.688391938883345e-07	6.76649792859096e-11	1.62590794374169e-29	4.236827628056278e-12	6.27751835412131e-24	6.95102863049307e-11	7.516171693968189e-30	1.0609981202227288e-21	7.469879787817823e-241	4.644815077911118e-224	Sensory Motile Cilia
10	1.6958394218774099e-25	4.5561353850987545e-28	0.999861629445408	0.00013837026828407366	2.809621802819299e-10	3.4509891515971844e-24	1.439910900513286e-16	1.944615974081282e-21	5.34545969083675e-12	1.02053669588356e-28	4.0212113880971066e-19	1.2872970046450284e-218	8.459179235854372e-247	Sensory Motile Cilia
11	7.465759036993562e-26	1.781104385172493e-27	9.093616007138983e-05	0.9999090638348479	3.5968557825931757e-13	2.5409567537340634e-25	2.7688229536451898e-17	5.466994085317791e-23	4.041212863718518e-15	4.716890980418388e-12	9.054124680509891e-27	4.442815994118674e-208	2.984734160242209e-254	Nervous System
12	1.86712213963546e-30	1.6650153069084381e-29	0.9998623915355083	0.00013760627713261064	1.97097376553724e-09	8.227527073521693e-26	9.556048998111095e-17	1.6723666794367426e-28	2.1638527873773446e-10	3.2594257204805095e-31	1.3360148372268542e-21	4.331626619450116e-258	2.123794864310014e-214	Sensory Motile Cilia
13	1.4786286233101815e-19	1.1808347287828552e-22	0.9894777221182718	0.010370926309440604	4.873186966629297e-06	2.9505943295363397e-20	2.3236726877266285e-11	2.6104109216643595e-17	0.00014647836208412187	1.735215533299365e-24	4.0427177854832735e-18	5.389984113313025e-224	3.4644882466063733e-234	Sensory Motile Cilia
14	1.5072030508603676e-15	2.9002242096104314e-16	0.0006788208928191864	0.9993211788296271	2.3400804551639886e-10	3.595110904777317e-18	3.565882284927818e-14	4.003867729862629e-12	1.2865616617726424e-16	4.876335497516786e-12	3.4627927561382576e-11	2.5331165589476584e-115	0.0	Nervous System
15	1.4738022030298472e-23	1.532573344375763e-26	0.013229485191992225	0.9867705147750897	2.5551425101549242e-11	3.1003051210102294e-23	4.370829626037183e-16	1.1064975547488377e-17	7.366049283224651e-12	1.27557684567586e-16	1.796267436743964e-23	2.871000257220901e-196	1.9718706460567132e-260	Nervous System
16	7.743478760457236e-17	5.024340371529013e-15	0.8261068022092465	0.17389207355164274	1.1188234402493943e-06	2.5095050256578516e-16	8.086412891757654e-11	7.146902329544502e-18	5.32121211524837e-09	1.3589107961943488e-11	9.772608764915144e-20	1.9679576729146968e-116	0.0	Sensory Motile Cilia
17	2.4660359295078517e-18	3.3064223405160566e-16	4.2813639562221594e-05	5.168859288098088e-10	0.0003100679982932891	2.6184140313546527e-17	8.622631036798413e-07	9.200730630891497e-17	0.9996462555821539	2.991863955039402e-26	5.009163245940742e-16	4.87258172024551e-184	3.383788832197625e-257	Heme/chitin
18	4.0004975155827293e-29	6.220733076129915e-31	0.9446010129139515	0.055398987085377674	6.388411270690585e-13	5.108212297074444e-30	1.6999367557157971e-18	1.4698015845925267e-30	3.203893715733935e-14	3.3593351493443135e-26	1.7608715669480367e-26	0.0	7.958663268150415e-209	Sensory Motile Cilia
19	5.631225000047543e-07	1.0121012212518021e-15	0.32022869665418346	0.6718002057272747	0.003306614286003509	0.004663897902911648	1.4628344279912232e-08	8.708254535356486e-13	7.67791055033328e-09	2.958767463006271e-22	4.861256946188431e-19	2.5209888414242044e-207	1.6750173978191736e-244	Nervous System
20	6.041044440599548e-25	1.1488176812412515e-25	0.00012419871445386064	0.9998758012134268	7.180706191744177e-11	5.465755901523176e-25	1.391408090632933e-16	2.575393749060192e-30	3.121387484129948e-13	1.118026682065347e-22	1.0438791920935754e-20	4.956181866237625e-253	3.0479168808885126e-227	Nervous System
21	3.936838952551e-31	1.5158603483984242e-28	0.9999898595682916	1.0140356525874195e-05	7.423928929330934e-11	6.453108818596333e-32	9.401295976601103e-13	4.7313664804614646e-17	3.229133017715849e-15	1.5179878194905175e-27	3.989299810243838e-26	1.603623460721068e-244	9.861847584361423e-219	Sensory Motile Cilia
22	1.4308713080945792e-32	1.435013844477166e-29	0.02823751995452471	0.971762480045071	3.8902040679906443e-13	4.838413718187441e-28	1.811720604544168e-20	1.4266209925499963e-34	1.5273933166402218e-14	2.4875480556909608e-29	2.230872874802904e-20	4.153115809667577e-257	2.5259864066508605e-222	Nervous System
23	2.1042023817212217e-24	6.267337960912096e-26	0.2028109424975146	0.7971890574757777	2.629781584967329e-11	7.911008648939821e-25	3.0226576241060748e-18	1.211127289427681e-21	4.098890540057636e-13	2.5743725689076264e-17	1.9712351879899413e-23	9.745533514244552e-224	6.333680577424294e-243	Nervous System
24	3.330428474687679e-15	1.0028878407085505e-17	0.00028954254339167676	0.9997104563930732	9.938870052816452e-10	1.6057565314000306e-19	3.3496173731663514e-14	6.960477718385217e-11	5.074858874170371e-16	1.925115419586839e-21	5.7992664694531016e-15	5.067813121713952e-134	0.0	Nervous System
25	3.497754204148272e-15	2.7471817822520337e-11	0.24662397268716135	0.7533744736138546	2.010415216987963e-07	3.6743352541462553e-16	6.36946592915732e-10	1.3516793887823367e-06	7.785503055545344e-11	7.107226468175826e-21	2.3579622094428924e-10	5.7318095056115844e-123	0.0	Nervous System
26	4.7798415369574046e-08	1.914866419309932e-08	0.003850546299817831	0.002478491184313125	0.03777831869570794	5.140010983741595e-10	0.33599246255615733	4.489289127749992e-05	0.6198552186867398	2.192167987736913e-14	2.224883876871653e-09	2.4986554944701523e-69	0.0	Heme/chitin
27	8.39091951446426e-28	2.693594712091036e-26	0.9999999496811305	5.03116651959043e-08	7.135214008670168e-12	3.44881163100606e-29	6.866665197663584e-14	4.575462822969585e-20	4.469872357985972e-16	9.260591868090097e-28	5.064291000539627e-22	1.557314464216018e-190	1.0696002798825695e-254	Sensory Motile Cilia
28	5.391839871479117e-10	2.7908544688922645e-09	0.04803541029867875	0.00019877414520777254	0.006010500811418977	1.524704767209618e-10	0.8425141655926657	0.00041333736453571325	0.10282780765845075	1.4530053225929907e-14	6.465188764489912e-10	1.6199126813902139e-74	0.0	Epidermis
29	1.4999378343808768e-11	5.168038073625282e-12	0.008983249001029564	0.9910078975477046	8.841416006371462e-06	6.129676699229909e-16	7.717547887287475e-11	5.291361757860862e-11	1.1884151059135222e-08	1.0682218575802339e-24	8.513103268590454e-13	1.986307762664479e-132	0.0	Nervous System
30	1.5375950637787526e-17	1.3881368180279545e-19	0.9992159292783316	0.000784054716261358	1.6003655543916746e-08	4.083992470792766e-21	4.9021098753500655e-17	2.629486736209787e-13	1.385054079283069e-12	4.777294488837588e-14	5.5703179990589395e-14	6.067473805364893e-163	4.452938348685476e-281	Sensory Motile Cilia
31	3.230075999144344e-13	1.324086564755861e-12	0.23964244780951022	0.7603573078991052	2.8117165012613964e-08	2.10020920170947e-17	2.5541423187078557e-11	2.143636370257948e-07	1.7742105394571651e-09	1.0670489684226822e-16	9.183459097856616e-12	2.2630849540087863e-109	0.0	Nervous System
32	1.994353929724931e-06	9.499712002102348e-07	0.2623308480704811	0.17119803162467653	0.4232681338845961	5.247321315802376e-07	0.0004287778224151933	0.028057010260232933	0.11449601198717427	1.774399123111868e-10	0.00021771711572246764	2.5352425915375768e-54	0.0	Stem cells
33	2.5887001905331904e-35	2.0492152098132928e-35	0.10223880181910065	0.8977611981808994	7.431398594939193e-18	4.4497864991574485e-34	3.04060103017811e-24	7.889201802745183e-26	1.6599015391341729e-18	2.2746065265679284e-20	6.589371656290823e-25	4.114297678000201e-254	2.5301810313304948e-228	Nervous System
34	6.093605046754022e-08	1.1545042641513842e-07	0.0004749028847011489	0.00012099501065223504	0.014826539891466773	1.27916784853039e-07	0.9784556055907806	0.0009709835050049839	0.005150377086812699	1.6033009451214383e-10	2.9156698987044805e-07	3.76085937003718e-70	0.0	Epidermis
35	1.4512890531481614e-08	4.70933484343945e-09	0.5826557497482284	0.3618017790269702	0.014716261288572457	1.6265710286505546e-09	3.414580034962846e-05	0.030351908926042472	0.010420103214171488	2.8845312655578625e-09	2.0028262337578637e-05	7.21212026584341e-61	0.0	Sensory Motile Cilia
36	4.6460282478967374e-05	1.7929493053158944e-07	0.05675522802824513	0.004728505928470003	0.007470324225870824	2.5893365715875096e-09	0.9285664546458937	0.00019220068990633032	0.0022405769905934716	6.727801995886667e-08	4.625451424674015e-11	4.564729302522926e-82	0.0	Epidermis
37	4.396265803431763e-12	2.550339530775776e-13	0.9992324312056354	0.0007673550479736804	1.4618569159903764e-07	1.2179492698344853e-15	4.1662711849972017e-10	2.682231983700532e-10	6.684390139208436e-08	1.9559232934934313e-13	2.709948888508649e-11	1.0327562579199982e-85	0.0	Sensory Motile Cilia
38	3.337479736677494e-27	1.2069809780442445e-26	0.9188152994459181	0.0811847005537363	3.4430480877518203e-13	4.652603861032825e-28	1.8511387550573157e-20	2.78686211563728e-18	1.31077500705308e-15	9.541035143538965e-25	2.656612366480423e-19	3.70713005833814e-215	2.4631236924426474e-252	Sensory Motile Cilia
39	5.5580714824424104e-18	1.2347792597934162e-20	0.04349453422846584	0.9565054648517423	5.6735959137233215e-11	7.18125840941702e-23	5.09323919946339e-15	2.1750584036417342e-14	5.4588238242781775e-14	8.629663619494779e-10	8.170890481191988e-15	6.02482979336385e-154	4.4707714199386785e-281	Nervous System
40	4.1120320690619325e-06	2.935337323981817e-05	0.33103357141322404	0.112034848972639	0.23558545673253578	5.428144533058121e-09	0.0027586536816602996	0.049380924881563135	0.26886570935864085	2.8973735603055663e-09	0.0003073612289099927	7.206420879736204e-36	0.0	Sensory Motile Cilia
41	1.3748227975762522e-07	4.601180970923519e-07	0.07461249201176084	0.014307186857840336	0.1632007255668616	1.0490061653408594e-07	0.43994475264564326	0.018129698679827836	0.2897717440709324	1.1430012327598762e-10	3.26975518401413e-05	2.763453963217469e-68	0.0	Epidermis
42	5.856584925328533e-30	3.902746618246936e-32	0.016128082548823433	0.9838719174511631	5.694067604632488e-15	8.799086101005221e-27	5.0872774285362587e-17	2.0136104775329044e-24	7.684335264074533e-15	2.4408660886007532e-23	8.703018671918332e-32	0.0	8.028504357648282e-202	Nervous System
43	3.3812467932669017e-22	7.47940645073814e-21	0.0003408597033152997	0.9996591401811984	5.149548627625673e-11	7.06444060150738e-21	3.5704717742186096e-12	1.1325014584860624e-20	6.028538069794694e-11	1.350683942828301e-13	3.303741416672601e-20	1.9095061407509123e-158	1.4013926378523968e-276	Nervous System
44	3.4380824335976854e-14	1.375957334759043e-14	0.12782756731154435	0.8721724018962669	2.8174471172114414e-08	1.1098330673460406e-16	5.1038463745649145e-12	9.267605921164025e-12	5.659930281510486e-11	2.394689459670123e-09	1.520088790804655e-10	1.0811433053218082e-105	0.0	Nervous System
45	7.762388240915077e-28	4.072840274256235e-25	2.211635186237236e-05	0.999977883648034	7.386230859547451e-14	5.995189027704568e-24	4.255824584386166e-18	6.044915638962146e-23	2.889263707712556e-14	7.783221007381445e-16	2.4323708942360077e-18	1.0556180747816444e-189	7.330792704143928e-263	Nervous System
46	1.0425976259044224e-07	4.636344083366095e-06	0.9981762395657853	0.0005812002420295447	0.0003444030472809054	1.0865109589396814e-09	0.000668337239509344	3.1337768625552233e-09	0.00012169056809362184	1.6067936856324452e-05	8.73165763107285e-05	1.795727942175057e-54	0.0	Sensory Motile Cilia
47	6.762615832308181e-21	1.0249645868374205e-18	0.999998402767715	1.1793743637044423e-06	3.8799811594918414e-07	2.4620468544345525e-20	1.3890609316678987e-08	1.258886337491888e-22	1.5969195870184973e-08	4.195326119173409e-21	2.333912993167195e-25	2.938200114753704e-158	2.13265799329288e-267	Sensory Motile Cilia
48	0.562439008069867	0.0003412125889835705	0.0002649485724397765	0.002118832355748543	0.013367971132392239	0.4213189211374328	0.0001328240075086057	1.4096356229932002e-05	2.873452735971628e-07	5.560383249821617e-09	1.892873740742018e-06	2.588515258476882e-83	0.0	Cardiovascular system
49	1.9974496599958768e-11	1.4590869960168158e-11	0.5986176947721872	0.40138199835292104	2.9011137377091724e-07	9.322194068274925e-17	1.5730178288984532e-13	1.672858479095552e-08	2.1456614577313595e-15	3.4204077157241587e-19	2.0818159497927318e-13	3.5657834334516e-122	0.0	Sensory Motile Cilia
50	8.956113025837576e-32	1.6368759358306287e-34	0.00015661250483481703	0.9998433874951441	9.70805407314054e-19	4.111078857420641e-30	1.3156453103773673e-21	3.5982676996594327e-34	1.5911052524390906e-18	2.1006420814557044e-14	1.4182651039656542e-24	0.0	6.329379918995702e-212	Nervous System
51	3.465646235260831e-23	8.132628530617726e-25	0.002335724357261375	0.9976642723541618	3.0456384297465176e-09	6.623478221939016e-23	6.34396226778232e-13	1.2473042295521754e-23	2.4230399462419225e-10	2.6098536839426614e-25	7.71650100454641e-23	2.0307620461490944e-225	1.2909568155215281e-226	Nervous System
52	1.1302911304447675e-20	7.6841723216085245e-19	0.03727575154693037	0.9627242468203056	1.5884768769742978e-09	1.812812567960738e-19	1.3335857341031062e-12	1.448604125227387e-15	4.293911504535338e-11	1.3145271896044245e-14	2.526730947506514e-18	1.023251536399509e-143	7.756231977193755e-289	Nervous System
53	8.80196192591967e-19	3.911648447635857e-20	0.0043101971299166686	0.9956898027909113	7.906290415593637e-11	3.66476850708925e-20	2.7347680722219513e-16	4.7303532773232005e-14	8.663588114695381e-15	4.413630616163852e-14	8.530753257211097e-15	5.307456124766967e-131	0.0	Nervous System
54	2.490852954863898e-32	7.0111355914723805e-34	1.0850063414609033e-06	0.9999989149936584	1.3847414314709991e-18	1.2261730175361467e-29	4.95985203131538e-23	8.070293463661959e-29	6.867757849089385e-21	7.611613481760158e-19	1.0700233920206978e-27	5.852455438699874e-239	3.7204099074294424e-240	Nervous System
55	5.3320687347312375e-25	1.7790608987252006e-24	2.248786696451889e-05	0.9999775121320191	5.701165085864277e-13	2.1263599918878147e-23	1.9196648556467528e-15	1.1030345179318861e-22	7.566244660011908e-14	3.6859497458962925e-13	1.236181059114506e-20	2.625846115166008e-161	1.927116826385206e-279	Nervous System
56	5.390907829474677e-06	8.227561029106331e-06	0.08883640482826648	0.24468543016519875	0.008180349908444212	1.9776547863316477e-09	4.8005101539318436e-05	3.559644304349315e-08	9.22639898528174e-05	0.6578160953442284	0.0003277946195135648	3.967718723853567e-50	0.0	Anterior nervous system
57	1.3142768966906226e-09	1.9244861294651718e-10	1.7420677466239414e-05	9.439320572581972e-07	0.00012117853111838878	1.097246310649461e-09	0.999678865175391	0.00010342640143997274	7.816267684908398e-05	1.6782677772285807e-12	2.8043579072227258e-14	3.2445965374035116e-82	0.0	Epidermis
58	3.1515052457150864e-22	2.849144412831463e-22	0.0009820886716350717	0.9990179113153348	1.2909111145691744e-11	1.4553046664139855e-22	3.780138527334048e-17	9.986633891210135e-24	5.626013510360033e-14	6.482823186259172e-14	2.3868919857885433e-19	4.956076107599987e-195	3.366543472939561e-250	Nervous System
59	5.109962250309545e-18	3.330731221109616e-16	0.02360155915777983	0.9763984328000643	7.955856852028197e-09	1.5795804610250834e-16	4.1856333494744796e-14	5.385804508718879e-16	8.625129991606123e-11	4.727843765361378e-15	1.1987075087739941e-18	4.9390888383587666e-127	0.0	Nervous System
60	5.608302624301682e-13	2.0380035718971114e-14	0.0026216414016982195	0.9973775881135353	4.412669041311376e-08	1.979120209253323e-15	2.163801938540941e-10	5.03035002720578e-11	1.7206790101250631e-09	7.237855524104125e-07	5.845778674876366e-10	1.3991647290691057e-94	0.0	Nervous System
61	1.2145402307085893e-24	3.1957780351169614e-24	1.2481400804414634e-05	0.999987518562718	4.0302192615892347e-14	1.559609238335183e-22	1.4855718389782395e-18	3.1829728731102594e-21	2.2222947076906175e-17	3.6437287087922976e-11	4.988990849748507e-19	4.130580623642977e-178	2.965186514489275e-278	Nervous System
62	0.0008541849524046967	0.0019505272821975944	0.4168028301500997	0.0008176180191489725	0.4548863116896628	5.880480075727484e-05	0.0024018737426547694	0.0144458177744217	0.10683195055770137	2.9408884983321865e-06	0.0009471401424528109	1.678610680690128e-32	0.0	Stem cells
63	0.010512920592409004	0.08647548593607332	0.0004574645055381657	0.0007360180697407528	0.057299807436482324	6.097756878445958e-06	0.23339620766598865	0.46826562619936574	0.137106417697405	2.1814555557524715e-06	0.002042796549077551	0.00369897613548549	0.0	Gland cells
64	0.00041929545802519625	0.0055944315940579335	6.2970678349411665e-06	2.0780866498954818e-06	0.0002902150895689374	1.3943508388161705e-07	0.00040022636555432314	0.0007417001502440672	0.000363423139285643	4.017547144361206e-05	1.548627212569177e-05	0.9921265318701259	0.0	zero
65	0.010512920592409004	0.08647548593607332	0.0004574645055381657	0.0007360180697407528	0.057299807436482324	6.097756878445958e-06	0.23339620766598865	0.46826562619936574	0.137106417697405	2.1814555557524715e-06	0.002042796549077551	0.00369897613548549	0.0	Gland cells
66	0.0022124699806483883	0.01323493007546453	0.0013637416508716295	0.0019860816512660452	0.051556634686149495	1.2291200492947548e-06	0.3161473282686168	0.5651850598233709	0.04620565085661615	4.288842515954001e-06	0.0021025808280452927	4.216385537587293e-09	0.0	Gland cells
67	0.003123611769921691	0.021141590712484205	0.000996703044850665	0.008176490220041768	0.11044150115629374	9.567529691176212e-06	0.15010934457601222	0.5049717461495844	0.19712879718454696	4.079369369037504e-07	0.003900239719234378	4.019199753506341e-13	0.0	Gland cells
68	1.6323624936813269e-06	3.0259892743279802e-06	0.0847637331170246	0.26087073121597737	0.2365343555206621	2.979402063874986e-07	0.003839414243827626	0.09423489828541491	0.31789526834443643	1.7102070525211804e-08	0.0018566258786120889	5.185436166492833e-47	0.0	Heme/chitin
69	8.890869580895272e-22	2.6600235059955316e-22	2.5234271509048723e-05	0.9999747656865162	4.153227268508031e-11	4.300884728060233e-21	8.258780106308817e-15	1.9835350384862345e-18	1.2590513273812827e-17	4.3431547028808335e-13	2.9510242069107855e-19	3.601798302030697e-150	2.702410018747777e-286	Nervous System
70	1.7225954795074577e-22	2.971207978820773e-21	2.147061861095894e-05	0.9999785292045943	2.4777385046451412e-12	2.8787647662362385e-20	2.1876787001352233e-17	4.92184312130673e-20	6.990761102648852e-16	1.7431626720190403e-10	7.043251468629459e-18	2.291773268890176e-160	1.7006280314871736e-287	Nervous System
71	8.802157519176975e-07	0.00010670842307848881	0.005579288934080631	0.3805128014385878	0.528062183946731	1.4934122713093858e-07	0.08546850393541966	0.00014476590061881202	0.0001247019036641309	1.595881934065479e-08	2.0211412420481883e-12	3.512653251380336e-58	0.0	Stem cells
72	2.1603575122471537e-07	6.731059797307514e-13	0.5016096941089394	2.52883088676379e-05	0.4982583695687191	1.37039279103076e-11	0.00010445684072474995	6.185223040031961e-11	1.9750607674371724e-06	9.506430617222098e-23	1.2046366513038313e-15	3.5654454519695507e-99	0.0	Sensory Motile Cilia
73	4.685909655264023e-24	3.043908831304834e-26	0.003331038169137238	0.9966689304103524	3.142049859789674e-08	9.473035690102461e-23	2.259973705643958e-16	1.2706633868836911e-19	1.1443425932294831e-14	1.805538538103249e-27	1.7986148354229017e-20	7.97842927326698e-160	5.855394652350008e-278	Nervous System
74	8.796610515831203e-05	0.0009165044977108751	0.011609626074564257	0.22048827110981872	0.28816011982576567	1.7432417606671144e-06	0.041957756453255966	0.3027123965394661	0.13181373026359736	9.949496962938451e-07	0.0022508909392057476	2.8758864175066344e-29	0.0	Gland cells
75	0.0003247053698491772	0.0002566345247002884	0.003436140215864225	0.07599460188818678	0.18633050432350654	1.3257382922092135e-05	0.010091653539018829	0.7029348998423652	0.0143371396320259	1.9354600833262103e-06	0.006278527821477737	2.3301964661761984e-39	0.0	Gland cells
76	0.0012186418792589375	0.03712532104604508	0.0034904581554904227	0.001801092076187812	0.1585817868757387	3.087305627395855e-06	0.26729687885474784	0.11226043647712149	0.4175995679478501	5.489327021966401e-07	0.0006221166896446168	6.375958528690524e-08	0.0	Heme/chitin
77	5.731015254833021e-28	3.223034686955846e-29	4.762147190725605e-06	0.9999653432310576	2.9450048751535875e-15	1.280481556617719e-27	2.1518712614491037e-20	7.863012616717635e-26	5.7029507440567e-16	2.9894621748154567e-05	6.746534449756469e-18	3.8992842537846466e-211	2.61958337418705e-257	Nervous System
78	0.1409268729664225	0.5935930072570241	0.001301868713750392	0.0004278711543658981	0.06461845592820903	1.9792602989306808e-05	0.04155412398021445	0.06818348891469021	0.0811692002011971	0.0067738117171036475	0.0012629832794920372	0.00016852328454135845	0.0	Midgut
79	1.8102834565370105e-22	1.5693924001938682e-27	1.9008561541583793e-06	0.9999980991437825	6.146656851864419e-14	1.7662679053602456e-24	1.404308183377713e-19	1.991065196780871e-15	7.043981780437397e-21	4.862390386080891e-18	5.439709237234785e-20	4.900249975156895e-197	3.3656071816957873e-261	Nervous System
80	4.461510852570218e-24	8.110961572609553e-24	1.2778075321461496e-05	0.999987221921122	2.33682586104884e-12	1.0293608716830314e-23	1.8984939500989654e-17	1.0885691825513925e-17	5.4372868982205684e-14	1.1133089944837684e-12	5.195983744581157e-14	5.0048871878401235e-167	3.673102646091914e-285	Nervous System
81	0.0020270116669360554	0.001701822477006561	0.04783528880027693	0.031223098826941437	0.46430413515163543	8.405674554797575e-06	0.0006629912482184	0.43370861846525866	0.014669925162758462	7.0307113917423115e-06	0.003851671815021364	9.581412216201118e-45	0.0	Stem cells
82	5.676663120940511e-22	5.5573648272640015e-19	0.012080502450968759	0.987919492925893	4.409858951713282e-09	8.643261395595817e-22	3.6198173930318175e-15	2.132613622243779e-10	1.422852003046411e-14	1.3816397656879044e-20	7.31160572777955e-17	1.1024128905792693e-121	0.0	Nervous System
83	0.0015943840737045623	0.004416581596867802	0.0033057778594222436	0.0025381586992676082	0.05074262714636464	7.297236404030005e-07	0.0011713119541081434	0.9109526193828366	0.02449426632259727	0.00025686948294331014	0.0005266737582473792	1.806704357109333e-21	0.0	Gland cells
84	1.4299242577806796e-23	2.132234220637629e-22	2.032038025766737e-05	0.7233343309359216	1.2829828569477263e-12	2.3078057767750956e-24	1.9264535855290042e-17	8.26136978462174e-23	8.71685835865105e-15	0.2766453468928759	1.7896529978448976e-09	2.2834708974491727e-158	1.694467192720071e-285	Nervous System
85	3.163971564665001e-16	1.7297367550204336e-18	0.01075625387526136	0.9892437448684978	1.2337506408961964e-09	2.1230928035329974e-19	1.2551383664929597e-14	8.808040033185419e-13	4.847404573476976e-12	1.6748695986442908e-11	3.5647002193854437e-16	4.186260921608519e-128	0.0	Nervous System
86	0.009311420428631322	0.10593957744512714	0.0028396053968779674	0.0005332163163767563	0.04453541600453306	2.7678783410277703e-06	0.007935264143015123	0.6651329456610927	0.16209232874516957	0.00014791602022064392	0.001279327436963592	0.00025021452365107494	0.0	Gland cells
87	1.2996053503752665e-08	5.465877884703825e-10	0.9485539619013442	0.010214528382119083	0.013292887589832185	2.4610768492833502e-12	0.005072885298919108	5.019416207541913e-06	0.022859776750396094	1.1230960313331381e-10	9.270037698147663e-07	6.743108778761806e-105	0.0	Sensory Motile Cilia
88	1.1872840840663863e-05	2.7743162929272282e-05	0.00036965548650326143	4.764751336907349e-06	0.012667015708059528	3.966411397174455e-07	0.8673180122814601	0.05114066373699918	0.0684596466364099	4.0220070301963305e-12	2.2875029968683226e-07	2.5216014516618774e-44	0.0	Epidermis
89	2.79380403695928e-18	6.500968497824647e-15	0.9999998272660896	2.821219548498446e-08	1.409959426007798e-07	3.77230863895209e-19	2.8234242320194235e-09	1.4319720629315636e-15	7.023401546625807e-10	8.701808265044277e-20	6.505999795747729e-17	5.0108777069360803e-113	0.0	Sensory Motile Cilia
90	1.0276478912832166e-23	1.8953158639318644e-22	0.9995103031556832	0.0004896967122893977	1.182155522330502e-10	5.591423822086999e-21	5.92299149389584e-16	1.955118309672635e-22	1.3810397743290836e-11	8.604327715039204e-23	8.541309216231319e-16	1.1715735345766627e-164	8.503728696691427e-274	Sensory Motile Cilia
91	4.2165951508111946e-10	5.487856122212317e-12	0.008013165426785322	0.006752820251172496	0.005760241224894245	7.07222817149132e-13	0.0628986907692402	1.7898637425336672e-08	0.916575027418647	1.5768595639520326e-15	3.6582767078967915e-08	1.0548172084227183e-98	0.0	Heme/chitin
92	2.9182479464169223e-10	2.4573295225565e-11	0.0003807300400647354	0.032441322743329074	0.0010860963149927458	2.41385619281714e-12	0.7893146021108215	1.173269129917115e-10	0.1767772483294169	2.319206673736534e-11	2.044083619774158e-12	8.444878988574962e-106	0.0	Epidermis
93	0.011408143161392185	0.029957756807716965	0.0009613972780693688	0.0014682879756075318	0.03568267958233827	2.4556287743496444e-06	0.06848969953997236	0.820154428109978	0.0318735307174721	1.3208184570283422e-06	3.0038018124018537e-07	4.0481636915068815e-14	0.0	Gland cells
94	3.465515560150767e-05	5.966686541626838e-09	2.218928231150628e-08	1.3243894527463586e-09	1.1578009934974644e-06	0.9999639760794655	6.382479900707717e-08	9.859103765638272e-08	1.856016512489033e-08	3.962447148918936e-10	1.1133470270091571e-10	1.2954540726683497e-62	0.0	Somatic musculature
95	8.906186775815882e-05	0.00018984090247774378	0.7894639539878774	0.040065185294798286	0.005651860980729096	5.6790249800492835e-06	0.0004429951735386573	0.06628914994113096	0.09740547977197404	2.7559454649376755e-06	0.00039403710927068774	1.9741642222240153e-49	0.0	Sensory Motile Cilia
96	5.8525875374938964e-05	2.477935533134306e-12	2.129742223425959e-06	4.2790020957699247e-07	2.6340406126855678e-06	0.9999362677096236	4.603789664190631e-09	2.8865530558884207e-09	6.4889198327602494e-09	5.0577537847593876e-12	7.451574340771753e-10	1.822197474363066e-101	0.0	Somatic musculature
97	4.860883610651452e-18	1.5052080067172726e-18	9.59289506736645e-05	0.7535421842267157	1.5691328503319875e-09	5.779731938152962e-19	4.804296720170906e-11	6.6627088365177165e-18	1.5829746931123959e-09	0.24636188362245406	5.950211407673276e-15	3.3834034077022576e-125	0.0	Nervous System
98	0.0004365012359386714	0.0006174756608256325	0.5862154315931156	0.007838917528313977	0.04696329413388544	4.476500490244609e-08	7.457255720671972e-05	0.32865988412526415	0.01107705758604846	3.896818477694816e-07	0.018116431132548624	5.138207649810354e-37	0.0	Sensory Motile Cilia
99	0.0014314969107422579	0.0024601633746490497	0.1832734275503389	0.004248361558997244	0.1198327265990366	1.887181246922281e-07	0.00030914441116364997	0.6284628346894732	0.010865717699256199	1.0548156269864001e-06	0.049114883672591356	3.946196704418187e-37	0.0	Gland cells
100	0.21192691540859385	0.11330968937670916	0.0007848117804039186	0.00016402532421129417	0.24598553014498367	0.32460620615374347	0.024761741513409256	0.05126994810492921	0.025960544961232283	0.0005358058274576873	0.0006947814043261118	1.0369738342093989e-16	0.0	Somatic musculature
101	0.007960008522137739	3.2987862816655824e-05	0.06344201851991538	0.0020382843451960285	0.07926862664485083	0.0045970344541266936	0.4095145546166258	0.0021599610569124975	0.4309707794878563	7.971892700657306e-06	7.772596861475852e-06	1.1030453723129945e-57	0.0	Heme/chitin
102	0.36598945425446633	0.00018875287672643704	0.19013847994884162	0.1426151378871736	0.045347920884810856	0.22770748356239284	0.0020120010177823847	0.004452916169845078	0.020755307413529954	0.0006882683073568542	0.00010427767707398656	1.3080716349246751e-59	0.0	Cardiovascular system
103	1.6272964858692298e-17	3.985565753067499e-18	0.0019795541481179564	0.9980138958756637	6.733705728037823e-10	6.901322666322577e-19	1.152509748494858e-14	6.9878637300319244e-15	4.7574284886730685e-14	6.5448696420517635e-06	4.43313959710181e-09	7.524815371681278e-125	0.0	Nervous System
104	9.473126796796008e-23	6.771153042042939e-22	3.6974845043383544e-05	0.9999627716764007	1.6673934785597486e-11	2.943689052865824e-21	1.7305629290131612e-16	3.125415693239603e-22	1.3698973816490302e-14	2.534583945660893e-07	3.473650429817121e-12	9.330856519410552e-170	6.772692452249115e-279	Nervous System
105	2.9055821419405448e-15	1.3912211350755158e-11	0.08710723857555865	0.9126363855325527	6.693167195357351e-05	2.166392132107155e-14	3.6740019141559377e-09	0.00018790702180631458	1.3697015174426405e-06	4.834250100696867e-10	1.633252475835529e-07	1.0243447788634935e-80	0.0	Nervous System
106	1.218669791630186e-06	3.918184503686391e-06	0.012525917441642562	0.12647731175742916	0.0042784554962348705	1.3485994849851199e-10	2.5247740987060712e-05	0.8558289013434474	0.0008584368595023497	9.853945353736827e-09	5.825176561486601e-07	1.3601583106020584e-51	0.0	Gland cells
107	0.0980283646478496	0.0750825782454694	0.24002285795438927	0.33101303964594164	0.03306928650623656	9.935774901136609e-06	0.03338006112445938	0.000350899971810482	0.16435568225674135	0.02468698062217943	3.132500218454821e-07	5.77386088527297e-24	0.0	Nervous System
108	0.021397938031578894	0.17426838114971713	0.0027394467088627966	0.003908967239043842	0.09377758540382262	5.3645232736242346e-05	0.08346520011593561	0.4908247374369593	0.09248164189852426	0.032491364547681	0.004591090669498844	1.5656393108780634e-09	0.0	Gland cells
109	0.0010898622204377143	0.0028151010001585403	0.051450094791731106	0.017846303980845125	0.2678677077104339	2.830662032875255e-07	0.006066365338427815	0.5327578713565722	0.11693104309929787	0.0014233362571565704	0.0017520311787359135	6.1062676782385195e-28	0.0	Gland cells
110	9.48936733368874e-09	2.1147718093022917e-16	1.9338400406278602e-13	5.476262333737157e-15	8.315337755154481e-11	0.9999999904270604	1.1668462276272326e-13	1.3299425081912924e-15	1.0155238882220985e-13	2.476297681581541e-19	6.147310380341021e-17	4.723436826536958e-113	0.0	Somatic musculature
111	0.05789892151398897	0.0002794590510034731	0.00011464052897588051	1.1922975693566828e-05	0.008851732019131309	0.9213354603600418	0.0007319977816099438	0.010025752206801823	0.0007259174723666101	1.970775293407749e-05	4.488337452662466e-06	1.4994334592522244e-29	0.0	Somatic musculature
112	3.710147267832931e-06	1.3512833895868382e-08	0.01756267474264013	0.006466880139668682	0.00027967241953551366	3.315342539372398e-08	0.7467726869540177	7.611004522019803e-05	0.22883821041929847	8.178394720039227e-09	2.876974545167552e-10	1.6610117363495217e-74	0.0	Epidermis
113	2.0485672805582798e-19	1.2215612046078654e-21	4.788858651011084e-05	0.9999521107474424	2.0664140494589047e-10	1.4930094317570719e-21	3.578534340495175e-16	7.575757222692329e-17	1.2106136253869123e-16	4.5934148211047e-10	6.414795038194198e-14	3.856820312942068e-180	2.7382392294115415e-271	Nervous System
114	1.0403609307882282e-07	1.4509093478611138e-07	0.00017098476465581263	0.0014427429074285439	0.008731202827072383	2.2646322464476336e-10	0.00039256878182967873	5.221198493525838e-05	0.9892100392821287	7.922098234278704e-11	1.923733937510499e-11	4.868070631777429e-48	0.0	Heme/chitin
115	0.0011725736771364729	1.2000322008230091e-08	0.0019761399317679684	0.009532143222029566	0.004197412306708163	0.9831051593186595	4.3472372500046975e-06	2.465196887197996e-06	4.0011825704602896e-06	4.387199526635592e-07	5.307206716008878e-06	3.4621907079126566e-86	0.0	Somatic musculature
116	1.991442310856582e-15	7.056440101297091e-16	0.9998052126359167	0.00019412086037996198	6.51366422536687e-07	1.6845226306530074e-18	1.8443547015481274e-09	5.877590343483113e-09	7.415330500593194e-09	3.048079755582789e-16	2.356888620115462e-15	2.7650277954617077e-108	0.0	Sensory Motile Cilia
117	1.953323436033484e-12	2.7273714673442476e-13	0.999987999775303	1.8477714079692435e-07	1.0996776189484913e-06	7.765616862460307e-17	1.0696794490335588e-05	4.743634077743121e-09	1.4228546318653267e-08	2.51308534631576e-16	1.0398421461085211e-12	1.244892236835383e-100	0.0	Sensory Motile Cilia
118	1.42428695810826e-17	3.374930691125773e-19	2.1526477806731043e-05	0.007871479071389924	4.3891002554965535e-11	1.350022693881929e-20	5.79379553615287e-15	2.833921988271736e-21	2.2545721472985922e-13	0.9921069943334979	7.318302650662689e-11	2.8325907188268783e-141	0.0	Anterior nervous system
119	0.0003561649480492835	1.4295770740229316e-06	0.0030988395974617506	0.00028959828801690857	0.07002838206497651	1.3246784846554007e-06	0.8377807360950258	0.00031415429936580946	0.08809381478322705	9.419324555961305e-09	3.5546248993605195e-05	8.663435618146912e-69	0.0	Epidermis
120	1.1582486128795427e-17	2.526475897756387e-14	0.005821333906060327	0.994178653484781	1.2579613829820721e-08	9.387975582444282e-20	2.5675684782225523e-11	6.864690153108298e-13	3.145931079197124e-12	9.37282555056103e-15	2.0620835762384192e-15	7.005546278135861e-117	0.0	Nervous System
121	1.1846397011117264e-22	3.1627751000664532e-27	0.9999909959834444	9.004013419361483e-06	7.4560084934441e-14	4.826066660118214e-28	1.830091094361426e-18	1.0157470433277251e-20	8.200743444771093e-15	2.587916163249556e-19	3.0534663001407506e-12	4.797098614996722e-212	3.1873301091775306e-249	Sensory Motile Cilia
122	4.015965536914034e-06	1.1307901049277697e-12	3.0343535939025484e-09	1.5231062818710687e-10	6.340583747637714e-08	0.9999959006584624	5.541625974657609e-09	8.607028337477402e-11	1.1154671817972938e-08	1.0119669876149215e-17	1.2961497361924368e-17	4.030638241413939e-99	0.0	Somatic musculature
123	6.57845850420309e-10	2.225172740379881e-15	0.002539637249367759	0.997280868527364	1.253465823298159e-05	0.00015667770405646174	1.2233293674675441e-11	1.6864845863779602e-10	7.308678677963113e-11	9.341946165486677e-06	9.390029964674828e-07	8.848560998435795e-135	0.0	Nervous System
124	3.803804366340848e-25	1.2252507374403467e-24	1.3668557238996614e-06	0.9998025094994961	9.681093431871934e-15	3.142471345439244e-25	2.468187409437031e-19	8.48640264204968e-21	4.717706625087359e-17	0.00019612364477010203	6.952283470915379e-17	1.5570333879278048e-190	1.093304100846991e-272	Nervous System
125	0.007747757211072472	0.059396659931302886	0.0005626345307039899	0.00018323401300586367	0.05667045832960757	5.009462906689653e-06	0.706488103432995	0.06862534230695082	0.0985296909092085	0.0003490414794251746	0.0014420683925458937	2.7538679148644127e-13	0.0	Epidermis
126	0.053802295842451504	0.5473320021039683	0.002556292774392778	0.0015335860193651436	0.09566961922467736	1.854677975963288e-05	0.06248156205329795	0.11690784769338929	0.06381043528611945	0.04684374409246032	0.008777961812682677	0.0002661063174357435	0.0	Midgut
127	6.486492306743016e-09	9.581135642224181e-08	0.0005425019035226767	0.997486863218731	1.899192182208668e-05	2.4879584622305236e-10	7.378273728114326e-09	2.789399116266926e-05	8.465234458097963e-08	2.9922174679868663e-05	0.001893632212818852	3.2583975019434952e-78	0.0	Nervous System
128	0.000588704909348187	1.107114550123784e-06	2.199580139844416e-07	5.3822392323223574e-08	4.3789913311999736e-05	0.9993647420595972	4.64515206175674e-07	2.7368011248788667e-07	5.427210195415596e-07	7.313405220894932e-08	2.8172395704820217e-08	7.03765438687095e-55	0.0	Somatic musculature
129	4.252592887477189e-05	7.61402609394895e-05	0.9466122818697387	0.03158901747629161	0.004370523604130463	1.175063384259981e-08	0.00047966703702675886	0.015471374877496486	0.0013563839099282361	4.6856066146321397e-07	1.6047242779776284e-06	2.156344321092266e-33	0.0	Sensory Motile Cilia
130	2.491195864542544e-07	2.128223388439538e-08	0.00036718819368158245	0.18289168410827916	0.0007686891659746297	5.830149844176342e-14	0.8150243363496256	7.560461566210622e-07	0.0009470749686754426	5.273325614596096e-10	2.3839585675520345e-10	1.17367120525611e-89	0.0	Epidermis
131	0.05181278045083649	0.012866015883558634	0.0107227331284123	0.0015070151271509714	0.01976670368844281	0.0004692406777771998	0.3908056665681124	0.0773640039369892	0.4346854655387025	9.716325370309443e-08	2.7783676367548105e-07	2.505810898494463e-19	0.0	Heme/chitin
132	2.9661006383472413e-20	2.0047451713428152e-23	2.596959343034006e-07	0.9999769483281253	5.1368095964078154e-14	6.908079694235539e-22	2.5138150790660402e-18	3.6842720299034644e-22	1.8455650693925674e-21	2.2791975733101415e-05	1.557944650721396e-13	2.721926687344294e-160	2.019826693585785e-287	Nervous System
133	0.0015660439579741553	9.93909940826782e-06	7.993108652621645e-06	2.624285596209493e-07	0.00026972085499676196	0.99811048432422	1.6301188191744664e-05	2.26659506458221e-06	1.6498528593962777e-05	3.429911269317738e-07	1.4692321116397276e-07	1.1276654726885001e-41	0.0	Somatic musculature
134	2.9802972955234968e-05	1.3009065158859684e-10	5.410787306677455e-10	6.460690053534256e-12	1.2286234865484106e-07	0.9999700674596315	3.098684892113808e-09	1.0324194560708502e-10	2.8238821776498572e-09	1.6184687297803058e-13	1.4637209445151815e-12	3.4821774049927665e-85	0.0	Somatic musculature
135	2.213680102401587e-05	1.5010939306513002e-08	7.979194688894601e-08	5.6646515782298714e-09	1.959399925433746e-06	0.9999757433739962	8.313738934719039e-09	1.4573314378131677e-08	9.165545018288285e-09	2.4792615146189504e-09	2.5425656717893677e-08	1.3952947060418647e-66	0.0	Somatic musculature
136	2.655419024345534e-13	6.007627848130278e-14	0.004195957910790413	0.9958020941987598	3.7982742943764315e-07	1.5056214539609676e-16	7.37746993623673e-13	5.41057677342269e-13	1.5661789639309726e-11	1.5937338677802754e-09	1.5664520202051274e-06	3.4983112242794854e-99	0.0	Nervous System
137	3.5627145592419687e-06	2.2065976526945927e-11	2.187349630089729e-08	3.7681305789748385e-10	7.766269545277607e-07	0.999995634588989	5.909844074422872e-10	5.253972583797894e-14	3.1748796429741e-09	8.724014129380015e-12	2.248130394506574e-11	4.795136828910943e-89	0.0	Somatic musculature
